0
5 8 15
3.0 3.0 3.0 1.0 1.0 1.0 1.0 3.0 1.0 3.0 3.0 3.0 3.0 3.0 3.0 3.0 1.0 -1.0 1.0 1.0 1.0 1.0 -1.0 3.0 1.0 3.0 -1.0 -1.0 1.0 3.0 3.0 -3.0 1.0 1.0 1.0 -1.0 -3.0 1.0 -1.0 3.0 1.0 -1.0 1.0 -1.0 3.0 1.0 1.0 3.0 1.0 1.0 -1.0 -3.0 -3.0 -3.0 -1.0 3.0 -1.0 1.0 3.0 3.0 3.0 -1.0 3.0 3.0 3.0 1.0 3.0 -1.0 -1.0 -3.0 -1.0 -1.0 1.0 1.0 3.0 3.0 1.0 1.0 1.0 1.0 -1.0 -1.0 1.0 -1.0 -1.0 1.0 -1.0 3.0 -1.0 3.0 3.0 1.0 3.0 1.0 1.0 -3.0 1.0 1.0 1.0 -3.0 -1.0 -3.0 -3.0 1.0 1.0 3.0 3.0 3.0 3.0 1.0 3.0 3.0 3.0 3.0 3.0 1.0 1.0 1.0 1.0 3.0 
1.0 1.0 1.0 3.0 3.0 3.0 3.0 1.0 3.0 1.0 1.0 1.0 1.0 1.0 1.0 1.0 -1.0 1.0 -1.0 3.0 3.0 3.0 1.0 1.0 3.0 1.0 -3.0 -3.0 -1.0 1.0 1.0 -1.0 -1.0 -1.0 -1.0 1.0 -1.0 3.0 1.0 1.0 3.0 -3.0 -1.0 -3.0 1.0 3.0 -1.0 1.0 -1.0 -1.0 -3.0 -1.0 -1.0 -1.0 1.0 1.0 1.0 -1.0 1.0 1.0 1.0 1.0 1.0 1.0 1.0 -1.0 1.0 1.0 1.0 -1.0 1.0 -3.0 3.0 -1.0 1.0 1.0 -1.0 3.0 -1.0 -1.0 -3.0 1.0 -1.0 1.0 1.0 3.0 1.0 1.0 1.0 1.0 1.0 -1.0 1.0 3.0 -1.0 -1.0 -1.0 -1.0 -1.0 -1.0 1.0 -1.0 -1.0 -1.0 3.0 1.0 1.0 1.0 1.0 3.0 1.0 1.0 1.0 1.0 1.0 3.0 3.0 3.0 3.0 1.0 
3.0 3.0 3.0 1.0 1.0 1.0 1.0 3.0 1.0 3.0 3.0 3.0 3.0 3.0 3.0 3.0 1.0 -1.0 1.0 1.0 1.0 1.0 -1.0 3.0 1.0 3.0 -1.0 -1.0 1.0 3.0 3.0 -3.0 1.0 1.0 1.0 -1.0 -3.0 1.0 -1.0 3.0 1.0 -1.0 1.0 -1.0 3.0 1.0 1.0 3.0 1.0 1.0 -1.0 -3.0 -3.0 -3.0 -1.0 3.0 -1.0 1.0 3.0 3.0 3.0 -1.0 3.0 3.0 3.0 1.0 3.0 -1.0 -1.0 -3.0 -1.0 -1.0 1.0 1.0 3.0 3.0 1.0 1.0 1.0 1.0 -1.0 -1.0 1.0 -1.0 -1.0 1.0 -1.0 3.0 -1.0 3.0 3.0 1.0 3.0 1.0 1.0 -3.0 1.0 1.0 1.0 -3.0 -1.0 -3.0 -3.0 1.0 1.0 3.0 3.0 3.0 3.0 1.0 3.0 3.0 3.0 3.0 3.0 1.0 1.0 1.0 1.0 3.0 
1.0 1.0 1.0 3.0 3.0 3.0 3.0 1.0 3.0 1.0 1.0 1.0 1.0 1.0 1.0 1.0 -1.0 1.0 -1.0 3.0 3.0 3.0 1.0 1.0 3.0 1.0 -3.0 -3.0 -1.0 1.0 1.0 -1.0 -1.0 -1.0 -1.0 1.0 -1.0 3.0 1.0 1.0 3.0 -3.0 -1.0 -3.0 1.0 3.0 -1.0 1.0 -1.0 -1.0 -3.0 -1.0 -1.0 -1.0 1.0 1.0 1.0 -1.0 1.0 1.0 1.0 1.0 1.0 1.0 1.0 -1.0 1.0 1.0 1.0 -1.0 1.0 -3.0 3.0 -1.0 1.0 1.0 -1.0 3.0 -1.0 -1.0 -3.0 1.0 -1.0 1.0 1.0 3.0 1.0 1.0 1.0 1.0 1.0 -1.0 1.0 3.0 -1.0 -1.0 -1.0 -1.0 -1.0 -1.0 1.0 -1.0 -1.0 -1.0 3.0 1.0 1.0 1.0 1.0 3.0 1.0 1.0 1.0 1.0 1.0 3.0 3.0 3.0 3.0 1.0 
3.0 3.0 3.0 1.0 1.0 1.0 1.0 3.0 1.0 3.0 3.0 3.0 3.0 3.0 3.0 3.0 1.0 -1.0 1.0 1.0 1.0 1.0 -1.0 3.0 1.0 3.0 -1.0 -1.0 1.0 3.0 3.0 -3.0 1.0 1.0 1.0 -1.0 -3.0 1.0 -1.0 3.0 1.0 -1.0 1.0 -1.0 3.0 1.0 1.0 3.0 1.0 1.0 -1.0 -3.0 -3.0 -3.0 -1.0 3.0 -1.0 1.0 3.0 3.0 3.0 -1.0 3.0 3.0 3.0 1.0 3.0 -1.0 -1.0 -3.0 -1.0 -1.0 1.0 1.0 3.0 3.0 1.0 1.0 1.0 1.0 -1.0 -1.0 1.0 -1.0 -1.0 1.0 -1.0 3.0 -1.0 3.0 3.0 1.0 3.0 1.0 1.0 -3.0 1.0 1.0 1.0 -3.0 -1.0 -3.0 -3.0 1.0 1.0 3.0 3.0 3.0 3.0 1.0 3.0 3.0 3.0 3.0 3.0 1.0 1.0 1.0 1.0 3.0 
1.0 1.0 1.0 3.0 3.0 3.0 3.0 1.0 3.0 1.0 1.0 1.0 1.0 1.0 1.0 1.0 -1.0 1.0 -1.0 3.0 3.0 3.0 1.0 1.0 3.0 1.0 -3.0 -3.0 -1.0 1.0 1.0 -1.0 -1.0 -1.0 -1.0 1.0 -1.0 3.0 1.0 1.0 3.0 -3.0 -1.0 -3.0 1.0 3.0 -1.0 1.0 -1.0 -1.0 -3.0 -1.0 -1.0 -1.0 1.0 1.0 1.0 -1.0 1.0 1.0 1.0 1.0 1.0 1.0 1.0 -1.0 1.0 1.0 1.0 -1.0 1.0 -3.0 3.0 -1.0 1.0 1.0 -1.0 3.0 -1.0 -1.0 -3.0 1.0 -1.0 1.0 1.0 3.0 1.0 1.0 1.0 1.0 1.0 -1.0 1.0 3.0 -1.0 -1.0 -1.0 -1.0 -1.0 -1.0 1.0 -1.0 -1.0 -1.0 3.0 1.0 1.0 1.0 1.0 3.0 1.0 1.0 1.0 1.0 1.0 3.0 3.0 3.0 3.0 1.0 
1.0 1.0 1.0 -1.0 -1.0 -1.0 -1.0 1.0 -1.0 1.0 1.0 1.0 1.0 1.0 1.0 1.0 -1.0 -3.0 -1.0 -1.0 -1.0 -1.0 -3.0 1.0 -1.0 1.0 1.0 1.0 3.0 1.0 1.0 -1.0 3.0 3.0 3.0 1.0 -1.0 -1.0 -3.0 1.0 -1.0 1.0 3.0 1.0 1.0 -1.0 -1.0 1.0 3.0 3.0 1.0 -1.0 -1.0 -1.0 -3.0 1.0 -3.0 -1.0 1.0 1.0 1.0 -3.0 1.0 1.0 1.0 -1.0 1.0 1.0 1.0 -1.0 1.0 1.0 -1.0 -1.0 1.0 1.0 -1.0 -1.0 3.0 3.0 1.0 1.0 3.0 1.0 -3.0 -1.0 -3.0 1.0 -3.0 1.0 1.0 -1.0 1.0 -1.0 3.0 -1.0 3.0 3.0 3.0 -1.0 1.0 -1.0 -1.0 -1.0 -1.0 1.0 1.0 1.0 1.0 -1.0 1.0 1.0 1.0 1.0 1.0 -1.0 -1.0 -1.0 -1.0 1.0 
-1.0 -1.0 -1.0 1.0 1.0 1.0 1.0 -1.0 1.0 -1.0 -1.0 -1.0 -1.0 -1.0 -1.0 -1.0 -3.0 -1.0 -3.0 1.0 1.0 1.0 -1.0 -1.0 1.0 -1.0 -1.0 -1.0 1.0 -1.0 -1.0 1.0 1.0 1.0 1.0 3.0 1.0 1.0 -1.0 -1.0 1.0 -1.0 1.0 -1.0 -1.0 1.0 -3.0 -1.0 1.0 1.0 -1.0 1.0 1.0 1.0 -1.0 -1.0 -1.0 -3.0 -1.0 -1.0 -1.0 -1.0 -1.0 -1.0 -1.0 -3.0 -1.0 3.0 3.0 1.0 3.0 -1.0 1.0 -3.0 -1.0 -1.0 -3.0 1.0 1.0 1.0 -1.0 3.0 1.0 3.0 -1.0 1.0 -1.0 -1.0 -1.0 -1.0 -1.0 -3.0 -1.0 1.0 1.0 1.0 1.0 1.0 1.0 1.0 3.0 1.0 1.0 -3.0 1.0 -1.0 -1.0 -1.0 -1.0 1.0 -1.0 -1.0 -1.0 -1.0 -1.0 1.0 1.0 1.0 1.0 -1.0 
1.0 1.0 1.0 3.0 3.0 3.0 3.0 1.0 3.0 1.0 1.0 1.0 1.0 1.0 1.0 1.0 -1.0 1.0 -1.0 3.0 3.0 3.0 1.0 1.0 3.0 1.0 -3.0 -3.0 -1.0 1.0 1.0 -1.0 -1.0 -1.0 -1.0 1.0 -1.0 3.0 1.0 1.0 3.0 -3.0 -1.0 -3.0 1.0 3.0 -1.0 1.0 -1.0 -1.0 -3.0 -1.0 -1.0 -1.0 1.0 1.0 1.0 -1.0 1.0 1.0 1.0 1.0 1.0 1.0 1.0 -1.0 1.0 1.0 1.0 -1.0 1.0 -3.0 3.0 -1.0 1.0 1.0 -1.0 3.0 -1.0 -1.0 -3.0 1.0 -1.0 1.0 1.0 3.0 1.0 1.0 1.0 1.0 1.0 -1.0 1.0 3.0 -1.0 -1.0 -1.0 -1.0 -1.0 -1.0 1.0 -1.0 -1.0 -1.0 3.0 1.0 1.0 1.0 1.0 3.0 1.0 1.0 1.0 1.0 1.0 3.0 3.0 3.0 3.0 1.0 
-1.0 -1.0 -1.0 -3.0 -3.0 -3.0 -3.0 -1.0 -3.0 -1.0 -1.0 -1.0 -1.0 -1.0 -1.0 -1.0 1.0 -1.0 1.0 -3.0 -3.0 -3.0 -1.0 -1.0 -3.0 -1.0 3.0 3.0 1.0 -1.0 -1.0 1.0 1.0 1.0 1.0 -1.0 1.0 -3.0 -1.0 -1.0 -3.0 3.0 1.0 3.0 -1.0 -3.0 1.0 -1.0 1.0 1.0 3.0 1.0 1.0 1.0 -1.0 -1.0 -1.0 1.0 -1.0 -1.0 -1.0 -1.0 -1.0 -1.0 -1.0 1.0 -1.0 -1.0 -1.0 1.0 -1.0 3.0 -3.0 1.0 -1.0 -1.0 1.0 -3.0 1.0 1.0 3.0 -1.0 1.0 -1.0 -1.0 -3.0 -1.0 -1.0 -1.0 -1.0 -1.0 1.0 -1.0 -3.0 1.0 1.0 1.0 1.0 1.0 1.0 -1.0 1.0 1.0 1.0 -3.0 -1.0 -1.0 -1.0 -1.0 -3.0 -1.0 -1.0 -1.0 -1.0 -1.0 -3.0 -3.0 -3.0 -3.0 -1.0 
-3.0 -3.0 -3.0 -1.0 -1.0 -1.0 -1.0 -3.0 -1.0 -3.0 -3.0 -3.0 -3.0 -3.0 -3.0 -3.0 -1.0 1.0 -1.0 -1.0 -1.0 -1.0 1.0 -3.0 -1.0 -3.0 1.0 1.0 -1.0 -3.0 -3.0 3.0 -1.0 -1.0 -1.0 1.0 3.0 -1.0 1.0 -3.0 -1.0 1.0 -1.0 1.0 -3.0 -1.0 -1.0 -3.0 -1.0 -1.0 1.0 3.0 3.0 3.0 1.0 -3.0 1.0 -1.0 -3.0 -3.0 -3.0 1.0 -3.0 -3.0 -3.0 -1.0 -3.0 1.0 1.0 3.0 1.0 1.0 -1.0 -1.0 -3.0 -3.0 -1.0 -1.0 -1.0 -1.0 1.0 1.0 -1.0 1.0 1.0 -1.0 1.0 -3.0 1.0 -3.0 -3.0 -1.0 -3.0 -1.0 -1.0 3.0 -1.0 -1.0 -1.0 3.0 1.0 3.0 3.0 -1.0 -1.0 -3.0 -3.0 -3.0 -3.0 -1.0 -3.0 -3.0 -3.0 -3.0 -3.0 -1.0 -1.0 -1.0 -1.0 -3.0 
1.0 1.0 1.0 -1.0 -1.0 -1.0 -1.0 1.0 -1.0 1.0 1.0 1.0 1.0 1.0 1.0 1.0 -1.0 -3.0 -1.0 -1.0 -1.0 -1.0 -3.0 1.0 -1.0 1.0 1.0 1.0 3.0 1.0 1.0 -1.0 3.0 3.0 3.0 1.0 -1.0 -1.0 -3.0 1.0 -1.0 1.0 3.0 1.0 1.0 -1.0 -1.0 1.0 3.0 3.0 1.0 -1.0 -1.0 -1.0 -3.0 1.0 -3.0 -1.0 1.0 1.0 1.0 -3.0 1.0 1.0 1.0 -1.0 1.0 1.0 1.0 -1.0 1.0 1.0 -1.0 -1.0 1.0 1.0 -1.0 -1.0 3.0 3.0 1.0 1.0 3.0 1.0 -3.0 -1.0 -3.0 1.0 -3.0 1.0 1.0 -1.0 1.0 -1.0 3.0 -1.0 3.0 3.0 3.0 -1.0 1.0 -1.0 -1.0 -1.0 -1.0 1.0 1.0 1.0 1.0 -1.0 1.0 1.0 1.0 1.0 1.0 -1.0 -1.0 -1.0 -1.0 1.0 
-1.0 -1.0 -1.0 1.0 1.0 1.0 1.0 -1.0 1.0 -1.0 -1.0 -1.0 -1.0 -1.0 -1.0 -1.0 1.0 3.0 1.0 1.0 1.0 1.0 3.0 -1.0 1.0 -1.0 -1.0 -1.0 -3.0 -1.0 -1.0 1.0 -3.0 -3.0 -3.0 -1.0 1.0 1.0 3.0 -1.0 1.0 -1.0 -3.0 -1.0 -1.0 1.0 1.0 -1.0 -3.0 -3.0 -1.0 1.0 1.0 1.0 3.0 -1.0 3.0 1.0 -1.0 -1.0 -1.0 3.0 -1.0 -1.0 -1.0 1.0 -1.0 -1.0 -1.0 1.0 -1.0 -1.0 1.0 1.0 -1.0 -1.0 1.0 1.0 -3.0 -3.0 -1.0 -1.0 -3.0 -1.0 3.0 1.0 3.0 -1.0 3.0 -1.0 -1.0 1.0 -1.0 1.0 -3.0 1.0 -3.0 -3.0 -3.0 1.0 -1.0 1.0 1.0 1.0 1.0 -1.0 -1.0 -1.0 -1.0 1.0 -1.0 -1.0 -1.0 -1.0 -1.0 1.0 1.0 1.0 1.0 -1.0 
1.0 1.0 1.0 -1.0 -1.0 -1.0 -1.0 1.0 -1.0 1.0 1.0 1.0 1.0 1.0 1.0 1.0 3.0 1.0 3.0 -1.0 -1.0 -1.0 1.0 1.0 -1.0 1.0 1.0 1.0 -1.0 1.0 1.0 -1.0 -1.0 -1.0 -1.0 -3.0 -1.0 -1.0 1.0 1.0 -1.0 1.0 -1.0 1.0 1.0 -1.0 3.0 1.0 -1.0 -1.0 1.0 -1.0 -1.0 -1.0 1.0 1.0 1.0 3.0 1.0 1.0 1.0 1.0 1.0 1.0 1.0 3.0 1.0 -3.0 -3.0 -1.0 -3.0 1.0 -1.0 3.0 1.0 1.0 3.0 -1.0 -1.0 -1.0 1.0 -3.0 -1.0 -3.0 1.0 -1.0 1.0 1.0 1.0 1.0 1.0 3.0 1.0 -1.0 -1.0 -1.0 -1.0 -1.0 -1.0 -1.0 -3.0 -1.0 -1.0 3.0 -1.0 1.0 1.0 1.0 1.0 -1.0 1.0 1.0 1.0 1.0 1.0 -1.0 -1.0 -1.0 -1.0 1.0 
-1.0 -1.0 -1.0 1.0 1.0 1.0 1.0 -1.0 1.0 -1.0 -1.0 -1.0 -1.0 -1.0 -1.0 -1.0 -3.0 -1.0 -3.0 1.0 1.0 1.0 -1.0 -1.0 1.0 -1.0 -1.0 -1.0 1.0 -1.0 -1.0 1.0 1.0 1.0 1.0 3.0 1.0 1.0 -1.0 -1.0 1.0 -1.0 1.0 -1.0 -1.0 1.0 -3.0 -1.0 1.0 1.0 -1.0 1.0 1.0 1.0 -1.0 -1.0 -1.0 -3.0 -1.0 -1.0 -1.0 -1.0 -1.0 -1.0 -1.0 -3.0 -1.0 3.0 3.0 1.0 3.0 -1.0 1.0 -3.0 -1.0 -1.0 -3.0 1.0 1.0 1.0 -1.0 3.0 1.0 3.0 -1.0 1.0 -1.0 -1.0 -1.0 -1.0 -1.0 -3.0 -1.0 1.0 1.0 1.0 1.0 1.0 1.0 1.0 3.0 1.0 1.0 -3.0 1.0 -1.0 -1.0 -1.0 -1.0 1.0 -1.0 -1.0 -1.0 -1.0 -1.0 1.0 1.0 1.0 1.0 -1.0 
3.0 3.0 3.0 1.0 1.0 1.0 1.0 3.0 1.0 3.0 3.0 3.0 3.0 3.0 3.0 3.0 1.0 -1.0 1.0 1.0 1.0 1.0 -1.0 3.0 1.0 3.0 -1.0 -1.0 1.0 3.0 3.0 -3.0 1.0 1.0 1.0 -1.0 -3.0 1.0 -1.0 3.0 1.0 -1.0 1.0 -1.0 3.0 1.0 1.0 3.0 1.0 1.0 -1.0 -3.0 -3.0 -3.0 -1.0 3.0 -1.0 1.0 3.0 3.0 3.0 -1.0 3.0 3.0 3.0 1.0 3.0 -1.0 -1.0 -3.0 -1.0 -1.0 1.0 1.0 3.0 3.0 1.0 1.0 1.0 1.0 -1.0 -1.0 1.0 -1.0 -1.0 1.0 -1.0 3.0 -1.0 3.0 3.0 1.0 3.0 1.0 1.0 -3.0 1.0 1.0 1.0 -3.0 -1.0 -3.0 -3.0 1.0 1.0 3.0 3.0 3.0 3.0 1.0 3.0 3.0 3.0 3.0 3.0 1.0 1.0 1.0 1.0 3.0 
3.0 3.0 3.0 1.0 1.0 1.0 1.0 3.0 1.0 3.0 3.0 3.0 3.0 3.0 3.0 3.0 1.0 -1.0 1.0 1.0 1.0 1.0 -1.0 3.0 1.0 3.0 -1.0 -1.0 1.0 3.0 3.0 -3.0 1.0 1.0 1.0 -1.0 -3.0 1.0 -1.0 3.0 1.0 -1.0 1.0 -1.0 3.0 1.0 1.0 3.0 1.0 1.0 -1.0 -3.0 -3.0 -3.0 -1.0 3.0 -1.0 1.0 3.0 3.0 3.0 -1.0 3.0 3.0 3.0 1.0 3.0 -1.0 -1.0 -3.0 -1.0 -1.0 1.0 1.0 3.0 3.0 1.0 1.0 1.0 1.0 -1.0 -1.0 1.0 -1.0 -1.0 1.0 -1.0 3.0 -1.0 3.0 3.0 1.0 3.0 1.0 1.0 -3.0 1.0 1.0 1.0 -3.0 -1.0 -3.0 -3.0 1.0 1.0 3.0 3.0 3.0 3.0 1.0 3.0 3.0 3.0 3.0 3.0 1.0 1.0 1.0 1.0 3.0 
-1.0 -1.0 -1.0 1.0 1.0 1.0 1.0 -1.0 1.0 -1.0 -1.0 -1.0 -1.0 -1.0 -1.0 -1.0 1.0 3.0 1.0 1.0 1.0 1.0 3.0 -1.0 1.0 -1.0 -1.0 -1.0 -3.0 -1.0 -1.0 1.0 -3.0 -3.0 -3.0 -1.0 1.0 1.0 3.0 -1.0 1.0 -1.0 -3.0 -1.0 -1.0 1.0 1.0 -1.0 -3.0 -3.0 -1.0 1.0 1.0 1.0 3.0 -1.0 3.0 1.0 -1.0 -1.0 -1.0 3.0 -1.0 -1.0 -1.0 1.0 -1.0 -1.0 -1.0 1.0 -1.0 -1.0 1.0 1.0 -1.0 -1.0 1.0 1.0 -3.0 -3.0 -1.0 -1.0 -3.0 -1.0 3.0 1.0 3.0 -1.0 3.0 -1.0 -1.0 1.0 -1.0 1.0 -3.0 1.0 -3.0 -3.0 -3.0 1.0 -1.0 1.0 1.0 1.0 1.0 -1.0 -1.0 -1.0 -1.0 1.0 -1.0 -1.0 -1.0 -1.0 -1.0 1.0 1.0 1.0 1.0 -1.0 
1.0 1.0 1.0 -1.0 -1.0 -1.0 -1.0 1.0 -1.0 1.0 1.0 1.0 1.0 1.0 1.0 1.0 -1.0 -3.0 -1.0 -1.0 -1.0 -1.0 -3.0 1.0 -1.0 1.0 1.0 1.0 3.0 1.0 1.0 -1.0 3.0 3.0 3.0 1.0 -1.0 -1.0 -3.0 1.0 -1.0 1.0 3.0 1.0 1.0 -1.0 -1.0 1.0 3.0 3.0 1.0 -1.0 -1.0 -1.0 -3.0 1.0 -3.0 -1.0 1.0 1.0 1.0 -3.0 1.0 1.0 1.0 -1.0 1.0 1.0 1.0 -1.0 1.0 1.0 -1.0 -1.0 1.0 1.0 -1.0 -1.0 3.0 3.0 1.0 1.0 3.0 1.0 -3.0 -1.0 -3.0 1.0 -3.0 1.0 1.0 -1.0 1.0 -1.0 3.0 -1.0 3.0 3.0 3.0 -1.0 1.0 -1.0 -1.0 -1.0 -1.0 1.0 1.0 1.0 1.0 -1.0 1.0 1.0 1.0 1.0 1.0 -1.0 -1.0 -1.0 -1.0 1.0 
-3.0 -3.0 -3.0 -1.0 -1.0 -1.0 -1.0 -3.0 -1.0 -3.0 -3.0 -3.0 -3.0 -3.0 -3.0 -3.0 -1.0 1.0 -1.0 -1.0 -1.0 -1.0 1.0 -3.0 -1.0 -3.0 1.0 1.0 -1.0 -3.0 -3.0 3.0 -1.0 -1.0 -1.0 1.0 3.0 -1.0 1.0 -3.0 -1.0 1.0 -1.0 1.0 -3.0 -1.0 -1.0 -3.0 -1.0 -1.0 1.0 3.0 3.0 3.0 1.0 -3.0 1.0 -1.0 -3.0 -3.0 -3.0 1.0 -3.0 -3.0 -3.0 -1.0 -3.0 1.0 1.0 3.0 1.0 1.0 -1.0 -1.0 -3.0 -3.0 -1.0 -1.0 -1.0 -1.0 1.0 1.0 -1.0 1.0 1.0 -1.0 1.0 -3.0 1.0 -3.0 -3.0 -1.0 -3.0 -1.0 -1.0 3.0 -1.0 -1.0 -1.0 3.0 1.0 3.0 3.0 -1.0 -1.0 -3.0 -3.0 -3.0 -3.0 -1.0 -3.0 -3.0 -3.0 -3.0 -3.0 -1.0 -1.0 -1.0 -1.0 -3.0 
1.0 1.0 1.0 -1.0 -1.0 -1.0 -1.0 1.0 -1.0 1.0 1.0 1.0 1.0 1.0 1.0 1.0 -1.0 -3.0 -1.0 -1.0 -1.0 -1.0 -3.0 1.0 -1.0 1.0 1.0 1.0 3.0 1.0 1.0 -1.0 3.0 3.0 3.0 1.0 -1.0 -1.0 -3.0 1.0 -1.0 1.0 3.0 1.0 1.0 -1.0 -1.0 1.0 3.0 3.0 1.0 -1.0 -1.0 -1.0 -3.0 1.0 -3.0 -1.0 1.0 1.0 1.0 -3.0 1.0 1.0 1.0 -1.0 1.0 1.0 1.0 -1.0 1.0 1.0 -1.0 -1.0 1.0 1.0 -1.0 -1.0 3.0 3.0 1.0 1.0 3.0 1.0 -3.0 -1.0 -3.0 1.0 -3.0 1.0 1.0 -1.0 1.0 -1.0 3.0 -1.0 3.0 3.0 3.0 -1.0 1.0 -1.0 -1.0 -1.0 -1.0 1.0 1.0 1.0 1.0 -1.0 1.0 1.0 1.0 1.0 1.0 -1.0 -1.0 -1.0 -1.0 1.0 
-3.0 -3.0 -3.0 -1.0 -1.0 -1.0 -1.0 -3.0 -1.0 -3.0 -3.0 -3.0 -3.0 -3.0 -3.0 -3.0 -1.0 1.0 -1.0 -1.0 -1.0 -1.0 1.0 -3.0 -1.0 -3.0 1.0 1.0 -1.0 -3.0 -3.0 3.0 -1.0 -1.0 -1.0 1.0 3.0 -1.0 1.0 -3.0 -1.0 1.0 -1.0 1.0 -3.0 -1.0 -1.0 -3.0 -1.0 -1.0 1.0 3.0 3.0 3.0 1.0 -3.0 1.0 -1.0 -3.0 -3.0 -3.0 1.0 -3.0 -3.0 -3.0 -1.0 -3.0 1.0 1.0 3.0 1.0 1.0 -1.0 -1.0 -3.0 -3.0 -1.0 -1.0 -1.0 -1.0 1.0 1.0 -1.0 1.0 1.0 -1.0 1.0 -3.0 1.0 -3.0 -3.0 -1.0 -3.0 -1.0 -1.0 3.0 -1.0 -1.0 -1.0 3.0 1.0 3.0 3.0 -1.0 -1.0 -3.0 -3.0 -3.0 -3.0 -1.0 -3.0 -3.0 -3.0 -3.0 -3.0 -1.0 -1.0 -1.0 -1.0 -3.0 
3.0 3.0 3.0 1.0 1.0 1.0 1.0 3.0 1.0 3.0 3.0 3.0 3.0 3.0 3.0 3.0 1.0 -1.0 1.0 1.0 1.0 1.0 -1.0 3.0 1.0 3.0 -1.0 -1.0 1.0 3.0 3.0 -3.0 1.0 1.0 1.0 -1.0 -3.0 1.0 -1.0 3.0 1.0 -1.0 1.0 -1.0 3.0 1.0 1.0 3.0 1.0 1.0 -1.0 -3.0 -3.0 -3.0 -1.0 3.0 -1.0 1.0 3.0 3.0 3.0 -1.0 3.0 3.0 3.0 1.0 3.0 -1.0 -1.0 -3.0 -1.0 -1.0 1.0 1.0 3.0 3.0 1.0 1.0 1.0 1.0 -1.0 -1.0 1.0 -1.0 -1.0 1.0 -1.0 3.0 -1.0 3.0 3.0 1.0 3.0 1.0 1.0 -3.0 1.0 1.0 1.0 -3.0 -1.0 -3.0 -3.0 1.0 1.0 3.0 3.0 3.0 3.0 1.0 3.0 3.0 3.0 3.0 3.0 1.0 1.0 1.0 1.0 3.0 
1.0 1.0 1.0 3.0 3.0 3.0 3.0 1.0 3.0 1.0 1.0 1.0 1.0 1.0 1.0 1.0 -1.0 1.0 -1.0 3.0 3.0 3.0 1.0 1.0 3.0 1.0 -3.0 -3.0 -1.0 1.0 1.0 -1.0 -1.0 -1.0 -1.0 1.0 -1.0 3.0 1.0 1.0 3.0 -3.0 -1.0 -3.0 1.0 3.0 -1.0 1.0 -1.0 -1.0 -3.0 -1.0 -1.0 -1.0 1.0 1.0 1.0 -1.0 1.0 1.0 1.0 1.0 1.0 1.0 1.0 -1.0 1.0 1.0 1.0 -1.0 1.0 -3.0 3.0 -1.0 1.0 1.0 -1.0 3.0 -1.0 -1.0 -3.0 1.0 -1.0 1.0 1.0 3.0 1.0 1.0 1.0 1.0 1.0 -1.0 1.0 3.0 -1.0 -1.0 -1.0 -1.0 -1.0 -1.0 1.0 -1.0 -1.0 -1.0 3.0 1.0 1.0 1.0 1.0 3.0 1.0 1.0 1.0 1.0 1.0 3.0 3.0 3.0 3.0 1.0 
1.0 1.0 1.0 3.0 3.0 3.0 3.0 1.0 3.0 1.0 1.0 1.0 1.0 1.0 1.0 1.0 -1.0 1.0 -1.0 3.0 3.0 3.0 1.0 1.0 3.0 1.0 -3.0 -3.0 -1.0 1.0 1.0 -1.0 -1.0 -1.0 -1.0 1.0 -1.0 3.0 1.0 1.0 3.0 -3.0 -1.0 -3.0 1.0 3.0 -1.0 1.0 -1.0 -1.0 -3.0 -1.0 -1.0 -1.0 1.0 1.0 1.0 -1.0 1.0 1.0 1.0 1.0 1.0 1.0 1.0 -1.0 1.0 1.0 1.0 -1.0 1.0 -3.0 3.0 -1.0 1.0 1.0 -1.0 3.0 -1.0 -1.0 -3.0 1.0 -1.0 1.0 1.0 3.0 1.0 1.0 1.0 1.0 1.0 -1.0 1.0 3.0 -1.0 -1.0 -1.0 -1.0 -1.0 -1.0 1.0 -1.0 -1.0 -1.0 3.0 1.0 1.0 1.0 1.0 3.0 1.0 1.0 1.0 1.0 1.0 3.0 3.0 3.0 3.0 1.0 
1.0 1.0 1.0 -1.0 -1.0 -1.0 -1.0 1.0 -1.0 1.0 1.0 1.0 1.0 1.0 1.0 1.0 3.0 1.0 3.0 -1.0 -1.0 -1.0 1.0 1.0 -1.0 1.0 1.0 1.0 -1.0 1.0 1.0 -1.0 -1.0 -1.0 -1.0 -3.0 -1.0 -1.0 1.0 1.0 -1.0 1.0 -1.0 1.0 1.0 -1.0 3.0 1.0 -1.0 -1.0 1.0 -1.0 -1.0 -1.0 1.0 1.0 1.0 3.0 1.0 1.0 1.0 1.0 1.0 1.0 1.0 3.0 1.0 -3.0 -3.0 -1.0 -3.0 1.0 -1.0 3.0 1.0 1.0 3.0 -1.0 -1.0 -1.0 1.0 -3.0 -1.0 -3.0 1.0 -1.0 1.0 1.0 1.0 1.0 1.0 3.0 1.0 -1.0 -1.0 -1.0 -1.0 -1.0 -1.0 -1.0 -3.0 -1.0 -1.0 3.0 -1.0 1.0 1.0 1.0 1.0 -1.0 1.0 1.0 1.0 1.0 1.0 -1.0 -1.0 -1.0 -1.0 1.0 
-1.0 -1.0 -1.0 1.0 1.0 1.0 1.0 -1.0 1.0 -1.0 -1.0 -1.0 -1.0 -1.0 -1.0 -1.0 -3.0 -1.0 -3.0 1.0 1.0 1.0 -1.0 -1.0 1.0 -1.0 -1.0 -1.0 1.0 -1.0 -1.0 1.0 1.0 1.0 1.0 3.0 1.0 1.0 -1.0 -1.0 1.0 -1.0 1.0 -1.0 -1.0 1.0 -3.0 -1.0 1.0 1.0 -1.0 1.0 1.0 1.0 -1.0 -1.0 -1.0 -3.0 -1.0 -1.0 -1.0 -1.0 -1.0 -1.0 -1.0 -3.0 -1.0 3.0 3.0 1.0 3.0 -1.0 1.0 -3.0 -1.0 -1.0 -3.0 1.0 1.0 1.0 -1.0 3.0 1.0 3.0 -1.0 1.0 -1.0 -1.0 -1.0 -1.0 -1.0 -3.0 -1.0 1.0 1.0 1.0 1.0 1.0 1.0 1.0 3.0 1.0 1.0 -3.0 1.0 -1.0 -1.0 -1.0 -1.0 1.0 -1.0 -1.0 -1.0 -1.0 -1.0 1.0 1.0 1.0 1.0 -1.0 
1.0 1.0 1.0 -1.0 -1.0 -1.0 -1.0 1.0 -1.0 1.0 1.0 1.0 1.0 1.0 1.0 1.0 -1.0 -3.0 -1.0 -1.0 -1.0 -1.0 -3.0 1.0 -1.0 1.0 1.0 1.0 3.0 1.0 1.0 -1.0 3.0 3.0 3.0 1.0 -1.0 -1.0 -3.0 1.0 -1.0 1.0 3.0 1.0 1.0 -1.0 -1.0 1.0 3.0 3.0 1.0 -1.0 -1.0 -1.0 -3.0 1.0 -3.0 -1.0 1.0 1.0 1.0 -3.0 1.0 1.0 1.0 -1.0 1.0 1.0 1.0 -1.0 1.0 1.0 -1.0 -1.0 1.0 1.0 -1.0 -1.0 3.0 3.0 1.0 1.0 3.0 1.0 -3.0 -1.0 -3.0 1.0 -3.0 1.0 1.0 -1.0 1.0 -1.0 3.0 -1.0 3.0 3.0 3.0 -1.0 1.0 -1.0 -1.0 -1.0 -1.0 1.0 1.0 1.0 1.0 -1.0 1.0 1.0 1.0 1.0 1.0 -1.0 -1.0 -1.0 -1.0 1.0 
1.0 1.0 1.0 3.0 3.0 3.0 3.0 1.0 3.0 1.0 1.0 1.0 1.0 1.0 1.0 1.0 -1.0 1.0 -1.0 3.0 3.0 3.0 1.0 1.0 3.0 1.0 -3.0 -3.0 -1.0 1.0 1.0 -1.0 -1.0 -1.0 -1.0 1.0 -1.0 3.0 1.0 1.0 3.0 -3.0 -1.0 -3.0 1.0 3.0 -1.0 1.0 -1.0 -1.0 -3.0 -1.0 -1.0 -1.0 1.0 1.0 1.0 -1.0 1.0 1.0 1.0 1.0 1.0 1.0 1.0 -1.0 1.0 1.0 1.0 -1.0 1.0 -3.0 3.0 -1.0 1.0 1.0 -1.0 3.0 -1.0 -1.0 -3.0 1.0 -1.0 1.0 1.0 3.0 1.0 1.0 1.0 1.0 1.0 -1.0 1.0 3.0 -1.0 -1.0 -1.0 -1.0 -1.0 -1.0 1.0 -1.0 -1.0 -1.0 3.0 1.0 1.0 1.0 1.0 3.0 1.0 1.0 1.0 1.0 1.0 3.0 3.0 3.0 3.0 1.0 
-1.0 -1.0 -1.0 -3.0 -3.0 -3.0 -3.0 -1.0 -3.0 -1.0 -1.0 -1.0 -1.0 -1.0 -1.0 -1.0 1.0 -1.0 1.0 -3.0 -3.0 -3.0 -1.0 -1.0 -3.0 -1.0 3.0 3.0 1.0 -1.0 -1.0 1.0 1.0 1.0 1.0 -1.0 1.0 -3.0 -1.0 -1.0 -3.0 3.0 1.0 3.0 -1.0 -3.0 1.0 -1.0 1.0 1.0 3.0 1.0 1.0 1.0 -1.0 -1.0 -1.0 1.0 -1.0 -1.0 -1.0 -1.0 -1.0 -1.0 -1.0 1.0 -1.0 -1.0 -1.0 1.0 -1.0 3.0 -3.0 1.0 -1.0 -1.0 1.0 -3.0 1.0 1.0 3.0 -1.0 1.0 -1.0 -1.0 -3.0 -1.0 -1.0 -1.0 -1.0 -1.0 1.0 -1.0 -3.0 1.0 1.0 1.0 1.0 1.0 1.0 -1.0 1.0 1.0 1.0 -3.0 -1.0 -1.0 -1.0 -1.0 -3.0 -1.0 -1.0 -1.0 -1.0 -1.0 -3.0 -3.0 -3.0 -3.0 -1.0 
-1.0 -1.0 -1.0 1.0 1.0 1.0 1.0 -1.0 1.0 -1.0 -1.0 -1.0 -1.0 -1.0 -1.0 -1.0 -3.0 -1.0 -3.0 1.0 1.0 1.0 -1.0 -1.0 1.0 -1.0 -1.0 -1.0 1.0 -1.0 -1.0 1.0 1.0 1.0 1.0 3.0 1.0 1.0 -1.0 -1.0 1.0 -1.0 1.0 -1.0 -1.0 1.0 -3.0 -1.0 1.0 1.0 -1.0 1.0 1.0 1.0 -1.0 -1.0 -1.0 -3.0 -1.0 -1.0 -1.0 -1.0 -1.0 -1.0 -1.0 -3.0 -1.0 3.0 3.0 1.0 3.0 -1.0 1.0 -3.0 -1.0 -1.0 -3.0 1.0 1.0 1.0 -1.0 3.0 1.0 3.0 -1.0 1.0 -1.0 -1.0 -1.0 -1.0 -1.0 -3.0 -1.0 1.0 1.0 1.0 1.0 1.0 1.0 1.0 3.0 1.0 1.0 -3.0 1.0 -1.0 -1.0 -1.0 -1.0 1.0 -1.0 -1.0 -1.0 -1.0 -1.0 1.0 1.0 1.0 1.0 -1.0 
3.0 3.0 3.0 1.0 1.0 1.0 1.0 3.0 1.0 3.0 3.0 3.0 3.0 3.0 3.0 3.0 1.0 -1.0 1.0 1.0 1.0 1.0 -1.0 3.0 1.0 3.0 -1.0 -1.0 1.0 3.0 3.0 -3.0 1.0 1.0 1.0 -1.0 -3.0 1.0 -1.0 3.0 1.0 -1.0 1.0 -1.0 3.0 1.0 1.0 3.0 1.0 1.0 -1.0 -3.0 -3.0 -3.0 -1.0 3.0 -1.0 1.0 3.0 3.0 3.0 -1.0 3.0 3.0 3.0 1.0 3.0 -1.0 -1.0 -3.0 -1.0 -1.0 1.0 1.0 3.0 3.0 1.0 1.0 1.0 1.0 -1.0 -1.0 1.0 -1.0 -1.0 1.0 -1.0 3.0 -1.0 3.0 3.0 1.0 3.0 1.0 1.0 -3.0 1.0 1.0 1.0 -3.0 -1.0 -3.0 -3.0 1.0 1.0 3.0 3.0 3.0 3.0 1.0 3.0 3.0 3.0 3.0 3.0 1.0 1.0 1.0 1.0 3.0 
1.0 1.0 1.0 -1.0 -1.0 -1.0 -1.0 1.0 -1.0 1.0 1.0 1.0 1.0 1.0 1.0 1.0 -1.0 -3.0 -1.0 -1.0 -1.0 -1.0 -3.0 1.0 -1.0 1.0 1.0 1.0 3.0 1.0 1.0 -1.0 3.0 3.0 3.0 1.0 -1.0 -1.0 -3.0 1.0 -1.0 1.0 3.0 1.0 1.0 -1.0 -1.0 1.0 3.0 3.0 1.0 -1.0 -1.0 -1.0 -3.0 1.0 -3.0 -1.0 1.0 1.0 1.0 -3.0 1.0 1.0 1.0 -1.0 1.0 1.0 1.0 -1.0 1.0 1.0 -1.0 -1.0 1.0 1.0 -1.0 -1.0 3.0 3.0 1.0 1.0 3.0 1.0 -3.0 -1.0 -3.0 1.0 -3.0 1.0 1.0 -1.0 1.0 -1.0 3.0 -1.0 3.0 3.0 3.0 -1.0 1.0 -1.0 -1.0 -1.0 -1.0 1.0 1.0 1.0 1.0 -1.0 1.0 1.0 1.0 1.0 1.0 -1.0 -1.0 -1.0 -1.0 1.0 
-1.0 -1.0 -1.0 1.0 1.0 1.0 1.0 -1.0 1.0 -1.0 -1.0 -1.0 -1.0 -1.0 -1.0 -1.0 -3.0 -1.0 -3.0 1.0 1.0 1.0 -1.0 -1.0 1.0 -1.0 -1.0 -1.0 1.0 -1.0 -1.0 1.0 1.0 1.0 1.0 3.0 1.0 1.0 -1.0 -1.0 1.0 -1.0 1.0 -1.0 -1.0 1.0 -3.0 -1.0 1.0 1.0 -1.0 1.0 1.0 1.0 -1.0 -1.0 -1.0 -3.0 -1.0 -1.0 -1.0 -1.0 -1.0 -1.0 -1.0 -3.0 -1.0 3.0 3.0 1.0 3.0 -1.0 1.0 -3.0 -1.0 -1.0 -3.0 1.0 1.0 1.0 -1.0 3.0 1.0 3.0 -1.0 1.0 -1.0 -1.0 -1.0 -1.0 -1.0 -3.0 -1.0 1.0 1.0 1.0 1.0 1.0 1.0 1.0 3.0 1.0 1.0 -3.0 1.0 -1.0 -1.0 -1.0 -1.0 1.0 -1.0 -1.0 -1.0 -1.0 -1.0 1.0 1.0 1.0 1.0 -1.0 
1.0 1.0 1.0 -1.0 -1.0 -1.0 -1.0 1.0 -1.0 1.0 1.0 1.0 1.0 1.0 1.0 1.0 -1.0 -3.0 -1.0 -1.0 -1.0 -1.0 -3.0 1.0 -1.0 1.0 1.0 1.0 3.0 1.0 1.0 -1.0 3.0 3.0 3.0 1.0 -1.0 -1.0 -3.0 1.0 -1.0 1.0 3.0 1.0 1.0 -1.0 -1.0 1.0 3.0 3.0 1.0 -1.0 -1.0 -1.0 -3.0 1.0 -3.0 -1.0 1.0 1.0 1.0 -3.0 1.0 1.0 1.0 -1.0 1.0 1.0 1.0 -1.0 1.0 1.0 -1.0 -1.0 1.0 1.0 -1.0 -1.0 3.0 3.0 1.0 1.0 3.0 1.0 -3.0 -1.0 -3.0 1.0 -3.0 1.0 1.0 -1.0 1.0 -1.0 3.0 -1.0 3.0 3.0 3.0 -1.0 1.0 -1.0 -1.0 -1.0 -1.0 1.0 1.0 1.0 1.0 -1.0 1.0 1.0 1.0 1.0 1.0 -1.0 -1.0 -1.0 -1.0 1.0 
1.0 1.0 1.0 3.0 3.0 3.0 3.0 1.0 3.0 1.0 1.0 1.0 1.0 1.0 1.0 1.0 -1.0 1.0 -1.0 3.0 3.0 3.0 1.0 1.0 3.0 1.0 -3.0 -3.0 -1.0 1.0 1.0 -1.0 -1.0 -1.0 -1.0 1.0 -1.0 3.0 1.0 1.0 3.0 -3.0 -1.0 -3.0 1.0 3.0 -1.0 1.0 -1.0 -1.0 -3.0 -1.0 -1.0 -1.0 1.0 1.0 1.0 -1.0 1.0 1.0 1.0 1.0 1.0 1.0 1.0 -1.0 1.0 1.0 1.0 -1.0 1.0 -3.0 3.0 -1.0 1.0 1.0 -1.0 3.0 -1.0 -1.0 -3.0 1.0 -1.0 1.0 1.0 3.0 1.0 1.0 1.0 1.0 1.0 -1.0 1.0 3.0 -1.0 -1.0 -1.0 -1.0 -1.0 -1.0 1.0 -1.0 -1.0 -1.0 3.0 1.0 1.0 1.0 1.0 3.0 1.0 1.0 1.0 1.0 1.0 3.0 3.0 3.0 3.0 1.0 
3.0 3.0 3.0 1.0 1.0 1.0 1.0 3.0 1.0 3.0 3.0 3.0 3.0 3.0 3.0 3.0 1.0 -1.0 1.0 1.0 1.0 1.0 -1.0 3.0 1.0 3.0 -1.0 -1.0 1.0 3.0 3.0 -3.0 1.0 1.0 1.0 -1.0 -3.0 1.0 -1.0 3.0 1.0 -1.0 1.0 -1.0 3.0 1.0 1.0 3.0 1.0 1.0 -1.0 -3.0 -3.0 -3.0 -1.0 3.0 -1.0 1.0 3.0 3.0 3.0 -1.0 3.0 3.0 3.0 1.0 3.0 -1.0 -1.0 -3.0 -1.0 -1.0 1.0 1.0 3.0 3.0 1.0 1.0 1.0 1.0 -1.0 -1.0 1.0 -1.0 -1.0 1.0 -1.0 3.0 -1.0 3.0 3.0 1.0 3.0 1.0 1.0 -3.0 1.0 1.0 1.0 -3.0 -1.0 -3.0 -3.0 1.0 1.0 3.0 3.0 3.0 3.0 1.0 3.0 3.0 3.0 3.0 3.0 1.0 1.0 1.0 1.0 3.0 
1.0 1.0 1.0 3.0 3.0 3.0 3.0 1.0 3.0 1.0 1.0 1.0 1.0 1.0 1.0 1.0 -1.0 1.0 -1.0 3.0 3.0 3.0 1.0 1.0 3.0 1.0 -3.0 -3.0 -1.0 1.0 1.0 -1.0 -1.0 -1.0 -1.0 1.0 -1.0 3.0 1.0 1.0 3.0 -3.0 -1.0 -3.0 1.0 3.0 -1.0 1.0 -1.0 -1.0 -3.0 -1.0 -1.0 -1.0 1.0 1.0 1.0 -1.0 1.0 1.0 1.0 1.0 1.0 1.0 1.0 -1.0 1.0 1.0 1.0 -1.0 1.0 -3.0 3.0 -1.0 1.0 1.0 -1.0 3.0 -1.0 -1.0 -3.0 1.0 -1.0 1.0 1.0 3.0 1.0 1.0 1.0 1.0 1.0 -1.0 1.0 3.0 -1.0 -1.0 -1.0 -1.0 -1.0 -1.0 1.0 -1.0 -1.0 -1.0 3.0 1.0 1.0 1.0 1.0 3.0 1.0 1.0 1.0 1.0 1.0 3.0 3.0 3.0 3.0 1.0 
1.0 1.0 1.0 -1.0 -1.0 -1.0 -1.0 1.0 -1.0 1.0 1.0 1.0 1.0 1.0 1.0 1.0 -1.0 -3.0 -1.0 -1.0 -1.0 -1.0 -3.0 1.0 -1.0 1.0 1.0 1.0 3.0 1.0 1.0 -1.0 3.0 3.0 3.0 1.0 -1.0 -1.0 -3.0 1.0 -1.0 1.0 3.0 1.0 1.0 -1.0 -1.0 1.0 3.0 3.0 1.0 -1.0 -1.0 -1.0 -3.0 1.0 -3.0 -1.0 1.0 1.0 1.0 -3.0 1.0 1.0 1.0 -1.0 1.0 1.0 1.0 -1.0 1.0 1.0 -1.0 -1.0 1.0 1.0 -1.0 -1.0 3.0 3.0 1.0 1.0 3.0 1.0 -3.0 -1.0 -3.0 1.0 -3.0 1.0 1.0 -1.0 1.0 -1.0 3.0 -1.0 3.0 3.0 3.0 -1.0 1.0 -1.0 -1.0 -1.0 -1.0 1.0 1.0 1.0 1.0 -1.0 1.0 1.0 1.0 1.0 1.0 -1.0 -1.0 -1.0 -1.0 1.0 
-1.0 -1.0 -1.0 1.0 1.0 1.0 1.0 -1.0 1.0 -1.0 -1.0 -1.0 -1.0 -1.0 -1.0 -1.0 -3.0 -1.0 -3.0 1.0 1.0 1.0 -1.0 -1.0 1.0 -1.0 -1.0 -1.0 1.0 -1.0 -1.0 1.0 1.0 1.0 1.0 3.0 1.0 1.0 -1.0 -1.0 1.0 -1.0 1.0 -1.0 -1.0 1.0 -3.0 -1.0 1.0 1.0 -1.0 1.0 1.0 1.0 -1.0 -1.0 -1.0 -3.0 -1.0 -1.0 -1.0 -1.0 -1.0 -1.0 -1.0 -3.0 -1.0 3.0 3.0 1.0 3.0 -1.0 1.0 -3.0 -1.0 -1.0 -3.0 1.0 1.0 1.0 -1.0 3.0 1.0 3.0 -1.0 1.0 -1.0 -1.0 -1.0 -1.0 -1.0 -3.0 -1.0 1.0 1.0 1.0 1.0 1.0 1.0 1.0 3.0 1.0 1.0 -3.0 1.0 -1.0 -1.0 -1.0 -1.0 1.0 -1.0 -1.0 -1.0 -1.0 -1.0 1.0 1.0 1.0 1.0 -1.0 
